[stone.jpg]
filters=HDR=1,20.169590,7.000000,30.409357;
moddate=765e31656b47d401
width=1400
height=350
textactive=0
